4295.61629803
3535.97618452
3470.62707324
3437.83430573
3407.73498625
3380.87260597
3357.45884903
3337.33346434
3321.81260538
3307.45897009
3296.14009221
3286.81473185
3279.94217663
3275.21971711
3271.54821165
3269.18844806
3266.34036796
3263.61384505
3261.60375539
3259.84624395
3258.07193528
3256.04171178
3253.78355718
3251.46575033
3249.25505195
3247.08669639
3244.96936448
3242.82545418
3240.49713347
3238.35343506
3236.09621681
3233.90668106
3231.5786028
3228.78351223
3225.54832452
3221.93379684
3218.27686748
3214.53482823
3211.4332089
3208.13012262
3204.88127036
3202.17746808
3199.44013063
3196.31533083
3193.46353968
3190.87494047
3188.03889984
3185.22956839
3182.78187052
3179.75949835
3176.62115653
3173.39246151
3169.82244594
3166.24917806
3162.66288863
3159.35706571
3156.38173703
3153.40713378
3150.82578279
3148.45243388
3146.01113796
3143.74982887
3141.53137108
3139.8120548
3138.1439012
3135.99663806
3133.37035334
3130.63114683
3128.19123775
3125.6979466
3123.25688305
3120.91203236
3118.49245012
3116.13181674
3114.06921216
3112.122285
3110.05462341
3108.06950001
3106.11080534
3104.47803022
3102.90747005
3101.29018527
3099.6230199
3097.93904774
3095.99169403
3093.96383195
3092.02434511
3090.36066636
3088.69754509
3086.91158801
3084.98305324
3082.60976482
3080.1804772
3077.77259589
3075.28379928
3072.91605519
3070.93869299
3069.03313808
3067.15165229
3065.47939688
3063.92166729
3062.38337311
3060.59276902
3058.64449253
3056.66612963
3054.33826077
3052.23409441
3050.54823706
3049.24596679
3048.09631674
3047.0967485
3046.1266615
3045.08534191
3044.20869255
3043.21329087
3041.91257303
3040.75281744
3039.7700422
3039.12693204
3038.55464198
3037.92199473
3037.2683502
3036.67618903
3036.08424787
3035.52434739
3035.08378964
3034.61408329
3034.06511857
3033.50583935
3032.98796524
3032.51071392
3031.99771228
3031.37332178
3030.7354166
3030.18281842
3029.54847176
3029.02867176
3028.56495341
3028.24048271
3027.97924095
3027.73422635
3027.42439515
3027.0390634
3026.67434315
3026.33675006
3026.06311184
3025.75364006
3025.44074373
3025.12783764
3024.79728917
3024.50710626
3024.25997385
3024.01103617
3023.72601375
3023.47126293
3023.23769358
3022.99064214
3022.76326335
3022.53061323
3022.35976042
3022.1766554
3021.98420619
3021.7591788
3021.53175855
3021.28456143
3021.05432016
3020.8660338
3020.73966929
3020.63378953
3020.50112622
3020.38567663
3020.26648116
3020.12465112
3019.96018003
3019.78706503
3019.60541495
3019.41063857
3019.16817146
3018.93719407
3018.72192946
3018.48633675
3018.20255724
3017.87622686
3017.50003322
3017.11079085
3016.73689767
3016.36611685
3016.05087418
3015.8051597
3015.56325278
3015.29411702
3015.02454901
3014.73262379
3014.44568439
3014.17650221
3013.90212007
3013.60897372
3013.30841143
3013.06119272
3012.82471293
3012.58655519
3012.35106707
3012.12266444
3011.89882059
3011.67792314
3011.46574134
3011.2475337
3011.02019274
3010.81756809
3010.65407287
3010.49785481
3010.36022244
3010.22666812
3010.10600332
3009.99344081
3009.8837642
3009.79357037
3009.71418038
3009.64505959
3009.60093677
3009.57705611
3009.55930085
3009.54408844
3009.52849724
3009.50973925
3009.48630623
3009.45851281
3009.42624271
3009.39300212
3009.35856439
3009.32325166
3009.28360107
3009.24114047
3009.19548836
3009.15300308
3009.11589577
3009.08526481
3009.06598316
3009.0493072
3009.02848778
3009.00704035
3008.98925932
3008.97408304
3008.95728795
3008.93868501
3008.91304285
3008.88572888
3008.88008732
3008.87084963
3008.85322346
3008.82902647
3008.80436412
3008.78189094
3008.77790816
3008.76525712
3008.74463646
3008.74195701
3008.74324024
